,course_id,subject_id,credit,course_name
15,11352,1,3,통합적사고와글쓰기
18,10099,1,3,Advanced English
19,10098,1,3,College English
21,11208,1,3,IT융합설계개론
22,11206,1,3,계산의기초와융합적문제해결
23,11204,1,3,논리와컴퓨터
24,11385,1,3,데이터과학적사고와사회문제해결과정
25,11357,1,3,데이터컨버전스와법
26,11373,1,3,데이터컴퓨팅
27,11356,1,3,리눅스와시스템적사고
28,11309,1,3,문제해결과SW프로그래밍
29,11365,1,3,빅데이터와젠더
30,11367,1,3,사회문제해결을위한R프로그래밍기초
31,11393,1,3,생활속금융을위한컴퓨터코딩
32,11386,1,3,소셜임팩트를위한사회적경제분석
33,11233,1,3,음악테크놀로지와프로그래밍
34,11394,1,3,인공지능융합교육의이해
35,11395,1,3,인공지능파운데이션
36,11368,1,3,정보와인공지능의수리적이해
37,11205,1,3,컴퓨터과학적인식과문제해결
38,11374,1,3,컴퓨터보안과윈도우포렌식
39,11362,1,3,컴퓨터속의우주
40,11369,1,3,컴퓨터식문제해결기법
41,11392,1,3,컴퓨터식사고와상담심리학
42,11232,1,3,컴퓨터적사고와이해
43,11234,1,3,컴퓨터적사고와조형적활용
44,11211,1,3,컴퓨팅적사고와프로그래밍
45,11364,1,3,푸드테크시대의음식과디자인
46,11207,1,3,프로그래밍과통계적사고
49,   -융복합교양,1,,[1영역 3학점 이수]
50,      #융복합교양(문학과언어),1,,[1과목 3학점 이수]
51,11053,1,3,21세기사회와문학의대화
52,11334,1,3,Critical and Creative Textual Studies
53,11183,1,3,The Story of Human Language
54,11165,1,3,Topics in Multiethnic American Literature
55,11112,1,3,다매체시대의장르문학
56,11108,1,3,동아시아문학으로문화읽기
57,11038,1,3,디지털미디어시대의동아시아문자
58,10041,1,3,문학과삶
59,10654,1,3,문학과영화
60,11148,1,3,문학으로보는사랑의역사
61,11184,1,3,문학으로함께배우는매체/이야기
62,11146,1,3,문화로읽는현대시의세계
63,11147,1,3,사이언스픽션의이해
64,11297,1,3,생태와문학
65,10768,1,3,신화·상상력·문화
66,11109,1,3,여행문학과세계인식
67,10882,1,3,인간과언어
68,11258,1,3,자연과문학
69,10543,1,3,한국현대시와삶읽기
70,11134,1,3,현대영어권문학의동향
71,10896,1,3,환상문학의세계
72,10950,1,3,디지털스토리텔링의이해
73,11335,1,3,Technical Writing and Document Design in English
74,      #융복합교양(역사와철학),1,,[1과목 3학점 이수]
75,11190,1,3,The Art of Thinking
76,10545,1,3,근대일본과동아시아
77,11046,1,3,동서양의인간이해
78,10034,1,3,동양철학의이해
79,10769,1,3,모던/포스트모던문화읽기
80,11056,1,3,문화로읽는한국사
81,11185,1,3,문화와예술을통해본르네상스역사
82,10772,1,3,여성과사회정의
83,11054,1,3,연어프로젝트: 한국여성나의뿌리를찾아서
84,10108,1,3,인간과종교
85,11041,1,3,인간과철학적사유
86,11293,1,3,인물로본중국의역사
87,10581,1,3,인물로읽는한국사
88,11078,1,3,젠더와역사
89,10767,1,3,종교와문화
90,11057,1,3,주제로살펴보는서양사
91,10544,1,3,중국의역사와문화
92,11294,1,3,질병과치료로본서양사
93,11189,1,3,철학의은유들
94,11045,1,3,패러다임전환과비판이론
95,10149,1,3,한국근현대사
96,11058,1,3,한국사의새로운이해
97,11366,1,3,한국의문화유산역사여행
98,11186,1,3,Evolutionary Origin of Humans
99,11295,1,3,인공지능시대의과학과종교
100,      #융복합교양(인간과사회),1,,[1과목 3학점 이수]
101,11360,1,3,ICT융복합복지와법
102,11259,1,3,SDGs시대글로벌보건협력:개발도상국의보건의료현황과국제사회의지원
103,10011,1,3,가족건강과간호
104,10932,1,3,건축으로읽는사회문화사
105,10013,1,3,경영과사회
106,11210,1,3,교육커뮤니케이션의이해와실제
107,10949,1,3,국제구호와개발협력
108,10913,1,3,글로벌시대의다문화사회
109,10914,1,3,글로컬시대의아시아여성
110,11260,1,3,기업가정신과혁신
111,10091,1,3,노동과젠더
112,11332,1,3,도시⋅공간문화로읽는한국사
113,10886,1,3,동양고전의현대적이해
114,11292,1,3,모방과인간
115,11193,1,3,법과젠더
116,10549,1,3,북한정치의이해
117,10548,1,3,북한주민의문화와생활
118,10929,1,3,브레인스펙트럼
119,10573,1,3,생명윤리와법
120,10074,1,3,성문화연구
121,10081,1,3,시민생활과법
122,10094,1,3,여성학
123,11089,1,3,여행과지리:글로벌화의지역탐색
124,10908,1,3,영상이미지와젠더
125,10904,1,3,우리사회의문제와쟁점찾기
126,11358,1,3,인간관계심리
127,10109,1,3,인간발달과가족
128,10903,1,3,인간발달과문화다양성
129,11114,1,3,인간은왜춤을추는가
130,11103,1,3,인터넷과법
131,11359,1,3,정신건강과행복
132,11104,1,3,죄와벌
133,10905,1,3,지구촌의사회복지
134,11105,1,3,직업세계와법
135,11039,1,3,키워드로읽는중국문화
136,11215,1,3,통합적분쟁이해와조정
137,10887,1,3,현대중국의이해
138,11162,1,3,Middle Eastern Political Theology: Religious Sources
139,11079,1,3,장애와사회
140,11296,1,3,청춘의아픔과치유:행복인문학
141,10181,1,3,환경과인간
142,11188,1,3,Introduction to Ethnic Conflict and Management
143,11106,1,3,글로벌시민의이해와리더십
144,10933,1,3,대학생의성건강
145,11308,1,3,데이터로고전읽기
146,11351,1,3,삶을위한멘탈코칭
147,      #융복합교양(과학과기술),1,,[1과목 3학점 이수]
148,10556,1,3,4차산업혁명과창의융합SW
149,10930,1,3,Behavior of Animals
150,11111,1,3,SF영화로배우는철학
151,11213,1,3,과학과몸의역사
152,11155,1,3,과학과허구
153,11101,1,3,과학문화와커뮤니케이션
154,10776,1,3,글로벌시민을위한과학소양
155,11154,1,3,사물인터넷개론
156,10052,1,3,약과건강
157,11102,1,3,"에너지의이해,이용,실천"
158,11257,1,3,에피소드로보는과학철학
159,10910,1,3,위험판단심리학
160,10104,1,3,응용통계입문
161,11336,1,3,인공지능과인간
162,11261,1,3,인공지능시대의정보산업이해
163,10559,1,3,인류문명과환경과학
164,11156,1,3,"자연과의대화,환경생태"
165,11160,1,3,정보기술과미래사회
166,10123,1,3,정보사회와인터넷윤리
167,11096,1,3,정보화사회와통계
168,10135,1,3,지구의역사
169,11042,1,3,컴퓨터와마음
170,11152,1,3,콘텐츠컴퓨팅
171,11145,1,3,크리에이티브컴퓨팅
172,10164,1,3,현대물리학과인간사고의변혁
173,11157,1,3,환경재난과국제협력
174,11262,1,3,생활속의미생물
175,11264,1,3,세계의자연유산과지오투어리즘
176,11043,1,3,현대사회의기록과정보
177,11419,1,3,기업가정신과기술사업화기획
178,11187,1,3,빅데이터사회와정보활용
179,11098,1,3,주거로보는건축문화
180,      #융복합교양(예술과표현),1,,[1과목 3학점 이수]
181,11107,1,3,21세기의예술과인간
182,11164,1,3,Contemporary Photography
183,10033,1,3,동양미술의이해
184,10778,1,3,디지털매체와예술
185,10576,1,3,무용의이해
186,11153,1,3,문화콘텐츠기획의이해
187,11328,1,3,미술로치유하는마음
188,11083,1,3,미학과미술
189,10072,1,3,서양미술의이해
190,10073,1,3,서양음악의이해
191,11084,1,3,시각문화로서미술작품읽기
192,11209,1,3,시각적사고를통한일상의문화와트랜드
193,10090,1,3,여성과예술
194,11113,1,3,여성의몸과창조적움직임
195,10097,1,3,연극의이론과실제
196,11110,1,3,예술가와그의시대
197,10100,1,3,예술과사상
198,11055,1,3,옛시와그림의만남
199,11265,1,3,음악과건강
200,11075,1,3,창조와상상의기술
201,11035,1,3,"퍼포먼스인문학: 제의,놀이,연극"
202,10892,1,3,"표현,예술,그리고시대정신"
203,10152,1,3,한국미술의이해
204,11333,1,3,"한국사와상상력,스토리텔링"
205,10883,1,3,한국의문화공간과예술
206,10165,1,3,현대미술사
207,11330,1,3,Reading American Popular Culture in the Digital Age
208,10018,1,3,국악의이해
209,11329,1,3,색채의이해
210,11263,1,3,예술과기술
211,11116,1,3,Introduction to World Music and Culture
212,11135,1,3,사물과예술
213,   -큐브,1,,[3영역 9학점 이수]
214,      #큐브(인문학),1,,[1과목 3학점 이수]
215,11111,1,3,SF영화로배우는철학
216,10769,1,3,모던/포스트모던문화읽기
217,11147,1,3,사이언스픽션의이해
218,10573,1,3,생명윤리와법
219,11284,1,3,스크린에투영된테크노컬처와젠더
220,10081,1,3,시민생활과법
221,10768,1,3,신화·상상력·문화
222,10772,1,3,여성과사회정의
223,11103,1,3,인터넷과법
224,11156,1,3,"자연과의대화,환경생태"
225,10123,1,3,정보사회와인터넷윤리
226,11057,1,3,주제로살펴보는서양사
227,11075,1,3,창조와상상의기술
228,11042,1,3,컴퓨터와마음
229,11045,1,3,패러다임전환과비판이론
230,10892,1,3,"표현,예술,그리고시대정신"
231,10164,1,3,현대물리학과인간사고의변혁
232,10181,1,3,환경과인간
233,11283,1,3,역사속의과학과기술
234,      #큐브(콘텐츠),1,,[1과목 3학점 이수]
235,11164,1,3,Contemporary Photography
236,11101,1,3,과학문화와커뮤니케이션
237,10949,1,3,국제구호와개발협력
238,10913,1,3,글로벌시대의다문화사회
239,10776,1,3,글로벌시민을위한과학소양
240,11154,1,3,사물인터넷개론
241,10908,1,3,영상이미지와젠더
242,10559,1,3,인류문명과환경과학
243,11160,1,3,정보기술과미래사회
244,10135,1,3,지구의역사
245,10950,1,3,디지털스토리텔링의이해
246,11285,1,3,미디어테크놀로지＆엔터테인먼트산업
247,11106,1,3,글로벌시민의이해와리더십
248,11288,1,3,디지털게임스토리텔링
249,11187,1,3,빅데이터사회와정보활용
250,11286,1,3,스타트업브랜드커뮤니케이션
251,11287,1,3,인터랙티브미디어심리학
252,      #큐브(디자인),1,,[1과목 3학점 이수]
253,11107,1,3,21세기의예술과인간
254,10778,1,3,디지털매체와예술
255,11083,1,3,미학과미술
256,10072,1,3,서양미술의이해
257,10090,1,3,여성과예술
258,10165,1,3,현대미술사
259,11289,1,3,메이커시대의디자인씽킹
260,11135,1,3,사물과예술
261,11291,1,3,사용자경험과인간중심디자인
265,38411,1,3,자바객체지향프로그래밍및실습
266,20410,1,1,일반물리학실험I
267,20441,1,3,선형대수학I
268,34980,1,3,확률및통계학
269,35339,1,3,객체지향프로그래밍
270,20479,1,3,이산수학
271,20454,1,3,정수론
273,20413,1,3,일반생물학I
274,20416,1,3,일반화학I
275,30002,1,3,일반물리학II
276,20412,1,3,일반생물학
277,20415,1,3,일반화학
279,30001,1,3,일반물리학
280,20409,1,3,일반물리학I
282,38407,1,3,C프로그래밍및실습
283,36339,1,3,컴퓨터프로그래밍및실습
289,38474,1,3,리눅스실습프로젝트
290,38473,1,3,사이버보안개론
291,38475,1,3,현대암호기초
292,38480,1,3,정보시스템보안
293,38491,1,3,사이버보안종합설계프로젝트 I
295,38477,1,3,데이터구조
296,38485,1,3,웹보안및실습
297,38479,1,3,정보통신과컴퓨터네트워크
298,38501,1,2,사이버보안산학실무설계I
299,38502,1,3,사이버보안산학실무설계II
300,38503,1,4,사이버보안산학실무설계III
301,38482,1,3,기계학습과인공지능
302,38478,1,3,악성코드분석및실습프로젝트
303,38481,1,3,정보보호프로토콜
304,38476,1,3,컴퓨터시스템
305,38487,1,3,블록체인응용
306,38484,1,3,빅데이터보안
307,38486,1,3,시큐어코딩및실습프로젝트
308,38488,1,3,저작권보호와관리
309,38483,1,3,네트워크보안
310,38497,1,3,디지털포렌식스
311,38493,1,3,보안관제
312,38494,1,3,사이버법률과정책
313,38490,1,3,생체인증보안
314,38492,1,3,위험관리및침입탐지시스템
315,38499,1,3,모바일보안
316,38489,1,3,사이버물리시스템보안
317,38909,1,3,사이버보안종합설계프로젝트Ⅱ
318,38919,1,3,알고리즘과계산복잡도
319,38495,1,3,정보보호관리
320,38496,1,3,클라우드컴퓨팅보안
321,38513,1,1,사이버보안글로벌필드트레이닝I
322,38514,1,1,사이버보안글로벌필드트레이닝II
323,38515,1,1,사이버보안글로벌필드트레이닝III
324,38504,1,1,사이버보안단기인턴십I
325,38505,1,1,사이버보안단기인턴십II
326,38506,1,1,사이버보안단기인턴십III
327,38507,1,3,사이버보안중기인턴십I
328,38508,1,3,사이버보안중기인턴십II
329,38509,1,3,사이버보안중기인턴십III
330,37455,1,1,해외재능기부현장실습
331,*39184,1,9,사이버보안산학실무설계 IV
332,38510,1,3,사이버보안자기설계학습I
333,38511,1,3,사이버보안자기설계학습II
334,20471,1,3,데이터베이스
335,20477,1,3,운영체제
336,20497,1,3,컴퓨터알고리즘
337,20472,1,3,소프트웨어공학
338,36510,1,3,가상현실
339,35294,1,3,암호론
340,36511,1,3,빅데이터응용
341,37270,1,3,클라우드컴퓨팅
342,38653,1,2,글로벌공학교육실습
343,37842,1,3,"캄보디아교육,환경,문화의이해"
344,G17708,1,3,블록체인특론
345,G17709,1,3,시스템보안특론
346,G17710,1,3,차세대보안특론
347,G17707,1,3,침입탐지시스템
348,G17711,1,3,금융IT보안
349,G17705,1,3,암호학과증명가능한안전성
350,G17712,1,3,정보보호컨설팅
